0 21 150
0 21 205
0 39 253
0 79 181
0 80 253
0 80 95
0 80 118
0 95 118
0 95 311
0 95 771
0 118 311
0 118 771
0 123 845
0 150 196
0 181 826
0 267 272
0 311 771
0 448 826
0 492 938
0 765 826
1 21 179
1 39 120
1 79 122
1 122 448
1 123 845
1 153 205
1 164 311
1 311 481
2 21 150
2 39 120
2 120 819
2 122 448
3 15 95
3 56 194
3 194 786
3 194 311
3 271 601
3 311 786
3 431 778
4 21 603
4 21 431
4 50 179
4 79 275
4 95 311
4 95 205
4 95 123
4 150 271
4 194 786
4 205 311
4 222 267
4 271 601
4 311 786
4 311 496
5 29 271
5 120 172
5 120 223
5 150 601
5 222 267
5 271 601
5 271 448
6 29 95
6 116 123
6 271 601
7 79 253
7 120 172
7 123 253
7 285 762
7 311 496
8 29 79
8 63 481
8 116 826
8 120 172
8 150 601
8 150 762
8 285 762
8 762 771
9 50 335
9 56 939
9 63 481
9 123 253
9 223 496
9 778 826
10 29 56
10 95 819
10 105 113
10 116 778
10 120 311
10 120 172
10 123 253
10 172 311
10 223 496
11 105 113
11 113 513
11 119 275
11 123 253
11 172 311
12 15 95
12 15 29
12 29 95
12 50 771
12 63 481
12 105 113
12 105 513
12 113 513
12 119 335
12 194 786
13 15 95
13 95 194
13 105 113
13 150 154
13 494 765
14 17 48
14 17 179
14 17 209
14 17 66
14 48 209
14 66 209
14 66 196
14 80 222
14 113 513
14 123 253
14 150 154
14 179 209
14 196 223
14 494 765
15 17 102
15 17 66
15 17 179
15 21 66
15 21 48
15 39 205
15 48 66
15 48 209
15 48 134
15 66 209
15 66 102
15 80 765
15 80 222
15 102 179
15 105 113
15 134 209
15 134 240
15 196 223
15 196 819
15 205 496
15 223 819
15 240 275
16 63 481
16 63 271
16 80 222
16 80 311
16 80 765
16 123 253
16 134 240
16 134 496
16 134 285
16 205 496
16 205 311
16 240 285
16 271 601
16 311 496
17 39 113
17 80 765
17 80 222
17 123 253
17 205 496
17 205 311
17 222 496
17 311 496
18 39 113
18 80 765
18 80 494
18 80 222
18 80 311
18 105 275
18 123 253
18 311 496
18 494 765
19 80 765
19 113 242
19 113 194
19 311 496
20 21 66
20 66 102
20 66 179
20 79 804
20 80 222
20 123 164
20 205 267
20 267 311
20 267 496
20 311 496
21 17 179
21 17 21
21 17 48
21 21 48
21 21 66
21 48 804
21 48 179
21 66 804
21 102 271
21 102 601
21 179 222
21 205 267
21 267 311
21 267 496
21 271 601
21 275 804
21 311 496
21 511 804
22 21 66
22 48 66
22 48 80
22 79 311
22 79 102
22 205 496
22 209 285
22 222 267
22 222 223
22 223 267
22 267 311
22 267 496
22 271 601
22 285 875
22 311 496
22 511 804
22 778 804
22 804 826
23 102 240
23 184 267
23 184 804
23 222 267
23 223 267
23 271 601
23 275 875
23 285 875
24 21 66
24 21 209
24 21 48
24 48 66
24 119 875
24 222 267
24 285 875
25 21 66
25 21 48
25 29 95
25 48 66
25 79 95
25 95 181
25 134 240
25 222 267
26 21 48
26 21 66
26 39 267
26 39 205
26 48 66
26 50 102
26 63 481
26 95 786
26 119 275
27 17 21
27 17 771
27 21 66
27 48 66
27 50 771
27 50 875
27 119 762
27 120 494
27 123 253
27 223 311
27 335 511
27 448 499
27 765 786
28 120 494
28 123 253
29 120 494
29 123 253
29 765 786
30 120 494
30 123 253
30 222 267
30 765 786
31 120 494
31 134 285
31 222 267
31 765 786
32 17 762
32 29 222
32 120 494
32 123 253
32 134 762
32 222 267
32 223 311
32 268 845
32 765 786
33 17 762
33 116 762
33 120 494
33 184 778
33 765 786
34 120 494
34 184 778
34 765 786
35 119 275
35 120 494
35 123 253
35 184 778
35 765 786
36 120 494
36 184 778
36 196 223
36 765 786
37 63 154
37 80 762
37 116 481
37 119 275
37 120 494
37 275 762
37 765 786
38 116 481
38 120 494
38 765 786
39 50 875
39 63 481
39 63 105
39 123 253
39 184 778
39 762 875
39 765 786
40 17 102
40 63 481
40 184 185
40 184 778
40 184 268
40 184 804
40 185 778
41 15 95
41 15 496
41 95 496
41 113 223
41 123 253
41 184 804
41 184 268
41 205 223
41 285 481
42 15 496
42 15 95
42 120 494
42 123 253
42 184 268
42 205 223
42 222 267
43 120 494
43 184 268
43 222 267
43 240 938
44 120 494
44 150 285
44 194 311
44 222 267
44 285 481
45 95 194
45 120 494
45 123 253
45 194 311
46 95 194
46 184 845
46 184 268
46 194 311
46 222 267
47 39 205
47 95 123
47 120 765
47 123 253
47 184 268
47 184 845
47 184 826
47 223 253
48 15 123
48 15 95
48 95 123
48 95 253
48 120 765
48 123 253
49 39 804
49 39 819
49 80 771
49 120 765
49 120 494
49 120 819
49 123 253
49 150 154
49 172 196
49 275 804
49 762 771
50 79 222
50 120 819
50 448 533
50 492 601
50 762 771
51 39 95
51 48 875
51 79 222
51 95 123
51 95 242
51 123 492
51 150 154
51 172 196
51 194 786
51 267 603
51 826 987
52 15 95
52 80 875
52 102 335
52 164 267
52 210 778
52 271 533
52 765 786
53 35 210
53 123 253
53 134 285
53 150 533
54 50 131
54 119 778
54 123 253
54 123 223
54 150 533
55 116 778
55 119 448
55 123 223
55 150 533
55 222 267
55 271 499
55 448 499
55 778 845
56 116 335
56 116 762
56 123 223
56 131 242
56 134 285
56 150 533
57 119 211
57 120 196
57 123 223
57 131 150
57 134 285
57 271 601
58 15 123
58 120 196
58 123 223
58 131 150
58 134 285
58 271 533
58 511 762
59 131 150
59 131 271
59 150 271
59 222 267
60 120 494
60 131 185
60 150 271
60 211 268
60 222 267
60 271 492
61 119 448
61 120 494
61 285 875
62 95 120
62 95 205
62 95 311
62 119 804
62 120 494
62 154 939
62 209 875
62 222 267
62 335 771
62 511 771
63 95 311
63 120 196
64 95 311
64 119 448
65 95 311
65 119 448
66 95 311
66 119 448
67 95 311
67 119 762
68 63 481
68 79 222
68 95 311
68 131 778
68 131 751
68 335 762
69 63 481
69 79 826
69 80 826
69 196 311
69 271 481
69 335 771
69 494 765
69 762 771
70 63 481
70 196 223
70 196 311
70 335 771
70 762 771
71 63 481
71 196 311
71 196 223
71 223 311
71 265 751
72 56 265
72 56 205
72 63 481
72 95 223
72 153 492
72 196 223
72 265 751
72 271 601
72 751 778
73 17 496
73 39 79
73 56 819
73 63 481
73 80 153
73 120 267
73 153 271
73 209 210
73 210 826
73 265 751
73 271 601
73 448 939
74 56 205
74 56 819
74 63 481
74 196 223
75 56 786
75 63 481
75 63 116
75 120 205
75 120 494
75 194 311
75 196 222
76 63 481
76 63 116
76 120 494
76 123 253
76 196 222
77 63 481
77 63 116
77 80 311
77 95 194
77 116 222
77 119 448
77 120 494
77 153 271
77 222 223
77 222 311
77 222 431
77 271 492
78 56 819
78 56 194
78 63 481
78 119 448
78 265 751
78 335 762
79 63 499
79 95 253
79 102 335
79 123 172
79 153 492
79 265 335
79 335 762
80 80 335
80 118 804
80 194 311
80 265 826
80 268 804
80 268 751
80 335 762
80 751 804
81 154 285
81 267 939
81 268 751
81 275 335
81 311 496
81 335 771
81 762 771
81 762 784
81 771 784
82 153 492
82 265 804
82 311 496
82 335 762
82 762 784
82 804 938
83 80 771
83 95 265
83 120 494
83 154 499
83 222 826
83 311 496
83 804 938
84 63 481
84 95 265
84 120 819
84 153 271
84 172 196
84 185 265
84 804 938
85 35 845
85 63 481
85 120 819
85 153 271
85 153 154
85 240 938
85 265 826
86 17 875
86 17 335
86 48 875
86 102 762
86 120 172
86 172 196
86 194 311
87 17 762
87 120 494
87 153 271
87 194 311
87 205 311
87 240 938
87 311 819
88 95 496
88 95 223
88 150 481
88 153 271
88 205 819
88 223 819
88 223 496
88 311 496
89 153 271
89 153 492
89 223 819
89 223 496
89 311 496
90 120 494
90 153 271
90 223 819
90 223 496
90 496 819
91 153 271
91 268 845
92 118 209
92 153 271
92 265 826
93 35 826
93 131 826
93 153 271
93 265 826
94 15 223
94 153 987
94 153 271
94 194 311
94 271 492
95 153 271
95 194 242
96 15 95
96 153 271
96 194 311
97 15 95
97 63 481
97 153 271
98 17 335
98 120 196
98 153 271
98 153 154
98 153 499
98 154 271
98 751 778
99 123 253
99 153 154
99 154 271
99 154 492
99 242 311
100 79 285
100 119 533
100 119 448
100 120 494
100 153 154
100 271 533
100 275 285
100 448 533
101 29 120
101 39 113
101 79 123
101 211 778
101 268 778
101 271 533
101 273 778
102 29 39
102 29 120
102 39 113
102 79 123
102 113 120
102 273 778
102 778 804
103 29 662
103 39 113
103 120 494
103 120 196
103 120 172
103 184 265
103 211 265
103 265 826
104 29 662
104 50 826
104 50 771
104 50 335
104 118 268
104 131 184
104 150 209
104 150 709
104 184 268
104 184 804
104 184 845
104 209 804
104 268 778
104 268 804
104 481 709
104 778 826
105 50 771
105 118 184
105 184 268
105 211 778
105 275 845
105 275 804
105 492 601
106 118 184
106 153 709
106 153 448
106 205 223
106 211 778
106 268 804
106 275 804
106 492 601
106 804 845
107 118 184
107 205 223
107 211 778
108 15 123
108 17 101
108 153 492
108 211 778
108 211 222
108 273 778
108 275 804
108 275 845
108 751 778
109 15 123
109 116 211
109 116 265
109 118 184
109 120 172
109 265 826
109 273 778
109 275 804
109 804 845
110 15 123
110 17 50
110 35 804
110 105 113
110 118 804
110 184 268
110 184 804
110 273 778
110 275 845
110 275 804
110 751 778
111 21 101
111 39 79
111 95 116
111 105 113
111 116 778
111 211 778
112 105 113
112 153 492
113 105 113
114 15 123
114 105 113
114 120 172
114 778 845
114 804 845
115 105 113
115 120 172
115 778 845
116 21 101
116 105 113
116 184 751
117 63 709
117 105 113
117 184 751
117 205 939
118 105 113
118 120 172
118 172 196
118 778 845
119 63 481
119 105 113
119 153 448
119 222 267
119 265 826
119 778 845
120 17 50
120 17 209
120 21 80
120 50 209
120 63 709
120 63 481
120 80 662
120 150 153
120 153 601
120 179 335
120 311 662
121 63 499
121 63 481
121 63 709
121 79 804
121 80 311
121 311 662
121 335 771
121 481 709
121 496 662
122 63 481
122 63 709
122 79 222
122 184 265
122 265 826
122 265 804
122 481 709
123 29 95
123 63 709
123 63 481
123 79 222
123 153 492
124 21 101
124 21 179
124 50 265
124 63 709
124 63 481
124 101 662
124 153 492
124 265 751
124 311 826
124 311 771
124 311 335
124 335 771
124 662 826
124 662 771
124 662 751
124 751 826
125 21 101
125 63 709
125 63 481
125 118 209
125 119 335
125 209 751
125 222 601
126 63 116
126 63 481
126 63 709
126 116 709
126 223 496
126 481 709
127 17 771
127 63 709
127 63 116
127 116 211
127 116 265
127 179 875
127 265 751
127 311 662
127 481 709
128 21 101
128 29 95
128 29 222
128 63 709
128 63 116
128 63 481
128 79 222
128 116 709
128 153 492
128 481 709
128 481 499
129 29 39
129 63 709
129 63 154
129 63 153
129 153 492
129 153 481
129 448 492
129 481 709
129 492 499
130 15 223
130 29 39
130 63 153
130 63 154
130 63 601
130 63 150
130 153 492
131 17 771
131 29 39
131 153 492
132 29 39
132 63 481
132 153 492
132 153 709
132 265 875
132 265 826
133 63 481
133 116 709
133 153 492
133 265 826
133 275 804
134 29 116
134 29 95
134 63 709
134 63 95
134 116 211
134 153 492
134 265 826
134 492 601
135 492 601
136 63 709
136 150 709
136 153 601
136 223 496
136 268 826
136 492 601
137 17 771
137 29 95
137 119 804
137 150 709
137 153 601
137 223 496
138 184 751
138 223 496
138 275 826
138 275 804
138 804 826
139 79 222
139 116 150
139 131 826
139 184 751
139 184 268
139 223 496
139 268 751
140 116 709
140 184 751
140 184 268
140 268 751
141 50 265
141 123 222
141 184 751
141 184 268
141 481 709
142 29 513
142 95 222
142 95 120
142 153 492
142 172 819
142 265 826
143 95 120
144 95 120
144 102 131
144 119 804
144 120 819
144 268 845
145 35 273
145 113 120
145 119 762
145 120 819
145 150 499
145 153 601
145 153 533
145 271 492
145 335 771
145 779 819
145 819 987
146 48 311
146 48 50
146 50 311
146 56 95
146 63 481
146 95 194
146 153 271
146 184 751
147 35 253
147 50 762
147 56 181
147 56 939
147 79 123
147 80 102
147 95 194
147 134 784
147 134 762
147 184 751
148 56 939
148 56 311
148 79 123
148 116 335
148 223 311
148 335 762
148 601 709
149 39 79
149 79 123
149 95 253
149 116 335
149 116 762
149 150 709
149 153 271
149 194 662
149 205 267
149 601 709
150 102 771
150 123 335
150 150 709
150 271 492
150 448 603
150 601 709
150 751 778
151 119 150
151 123 194
151 153 271
151 211 751
151 223 939
151 511 771
152 63 481
152 102 762
152 105 513
152 116 134
152 119 448
152 134 265
152 134 804
152 184 751
152 211 751
152 211 265
152 223 939
152 273 778
152 335 762
153 39 267
153 39 184
153 56 311
153 95 311
153 134 184
153 134 268
153 134 751
153 134 496
153 134 662
153 184 751
153 184 196
153 184 194
153 184 223
153 223 311
153 223 662
153 311 662
154 95 205
154 95 123
154 105 267
154 134 751
154 153 492
154 184 751
154 267 513
154 335 762
155 95 123
155 265 273
156 95 123
156 153 271
156 184 751
157 63 481
157 95 123
157 184 751
157 211 265
157 273 778
157 335 762
157 762 771
158 63 709
158 95 123
158 533 601
159 123 253
159 268 751
159 499 533
159 533 601
160 39 113
160 39 79
160 113 194
160 153 533
160 153 271
160 481 709
160 499 533
161 39 194
161 50 875
161 105 267
161 153 271
161 153 492
161 205 267
161 271 492
161 271 533
161 499 533
162 39 194
162 39 113
162 80 431
162 95 765
162 113 194
162 116 751
162 184 751
162 494 765
163 116 265
163 116 751
163 134 431
163 184 265
163 184 751
163 265 751
163 265 268
163 268 751
163 335 762
164 50 134
164 56 105
164 56 267
164 56 205
164 56 95
164 95 267
164 95 939
164 116 267
164 153 271
164 205 267
164 267 939
164 271 492
164 311 335
164 335 771
164 431 784
164 762 875
165 39 662
165 39 194
165 113 662
165 120 132
165 120 194
165 120 662
165 132 194
165 132 662
165 150 709
165 153 271
165 194 662
166 15 95
166 39 662
166 39 194
166 39 120
166 102 223
166 120 194
166 120 132
166 120 181
166 132 194
166 132 603
166 132 662
166 181 194
166 194 662
166 209 804
166 209 771
166 431 784
166 431 875
166 784 875
167 39 120
167 39 194
167 39 662
167 56 272
167 56 172
167 120 194
167 120 662
167 120 132
167 120 987
167 132 194
167 153 271
167 194 662
167 194 939
168 15 95
168 56 132
168 63 481
168 80 172
168 105 267
168 119 275
168 131 205
168 150 481
168 205 267
168 275 431
169 50 311
169 119 804
169 123 223
169 131 311
169 275 431
170 39 181
170 95 113
170 119 134
170 119 335
170 123 223
170 153 271
170 153 492
170 181 223
170 184 751
170 265 751
170 271 492
170 273 778
170 275 431
170 533 709
171 50 311
171 116 771
171 116 762
171 119 492
171 119 533
171 150 709
171 153 271
171 272 603
171 335 762
172 50 311
172 50 131
172 119 533
172 131 311
172 134 762
172 150 499
172 153 271
172 185 265
172 751 778
172 762 771
173 95 311
173 119 533
173 271 499
173 311 819
174 56 778
174 95 123
174 119 533
174 123 223
174 153 492
174 153 271
174 273 778
175 35 265
175 35 268
175 95 123
175 119 533
175 153 271
175 223 311
175 819 987
176 95 123
176 113 242
176 119 533
176 153 271
177 63 481
177 95 123
177 116 311
177 119 533
177 131 778
177 196 267
177 205 267
177 223 311
177 267 496
177 267 662
177 311 662
177 496 662
177 499 601
178 35 185
178 95 123
178 105 113
178 131 875
178 132 496
178 134 275
178 134 431
178 150 271
178 153 271
178 153 601
178 196 267
178 223 496
178 223 662
178 496 662
179 15 267
179 50 771
179 63 533
179 63 153
179 102 131
179 134 431
179 153 492
180 15 95
180 50 771
180 56 132
180 63 481
180 95 123
180 95 494
180 105 513
180 119 804
180 119 275
180 153 271
180 268 845
181 15 223
181 50 771
181 50 119
181 95 123
181 105 513
181 119 771
181 153 271
182 105 513
182 119 771
182 119 275
182 185 265
183 153 271
183 185 265
184 153 271
185 105 113
185 153 271
185 185 778
185 185 273
185 273 778
186 50 335
186 56 132
186 63 481
186 153 271
186 185 778
186 185 273
186 273 778
187 15 95
187 39 272
187 39 751
187 63 481
187 131 845
187 481 533
187 511 804
188 131 845
189 119 804
189 131 845
189 150 533
189 154 499
189 172 987
189 271 492
189 273 826
190 39 662
190 63 481
190 181 662
190 255 826
191 39 662
191 255 273
191 255 826
191 273 826
192 50 771
192 150 533
192 150 499
192 240 431
192 255 826
192 255 273
192 273 826
193 150 499
193 211 267
193 240 431
193 271 601
194 29 496
194 63 709
194 63 150
194 105 267
194 150 709
194 150 601
194 150 154
194 184 751
194 240 431
194 267 513
194 271 481
194 271 601
195 63 150
195 63 533
195 63 492
195 63 709
195 105 513
195 150 601
195 150 533
195 154 481
195 271 601
195 448 481
196 63 492
196 63 533
196 63 150
196 123 253
196 150 601
196 194 496
196 271 601
196 448 481
197 63 533
197 63 492
197 150 601
197 150 271
197 194 496
197 271 601
197 448 481
198 63 492
198 63 150
198 271 601
198 448 481
199 63 150
199 63 492
199 63 709
199 80 804
199 150 533
199 273 845
200 29 95
200 50 875
200 63 150
200 63 492
200 63 533
200 150 601
200 184 751
201 29 95
201 35 826
201 50 875
201 50 80
201 50 762
201 63 492
201 63 150
202 35 826
202 50 762
202 63 492
202 63 533
202 448 481
203 15 123
203 15 253
203 35 826
203 63 492
203 119 804
203 123 253
203 268 845
204 15 253
204 35 826
204 50 80
204 63 492
204 63 150
204 172 603
204 194 311
205 63 492
205 63 150
205 150 533
205 194 765
205 268 845
206 63 492
206 63 150
206 63 533
206 63 709
206 194 765
207 39 242
207 48 80
207 48 132
207 50 240
207 63 150
207 63 481
207 63 132
207 80 240
207 95 123
207 123 253
207 150 709
207 494 765
208 50 240
208 105 181
208 105 113
208 105 240
208 105 513
208 172 819
208 172 196
208 181 513
208 184 751
208 494 765
208 751 826
209 105 513
209 105 181
209 181 513
209 184 751
209 184 185
209 185 751
210 80 494
210 80 223
210 80 311
210 105 113
210 113 181
210 113 513
210 181 311
210 211 213
210 223 311
210 494 765
211 50 240
211 105 113
211 105 513
211 223 311
211 492 601
211 494 765
212 223 311
212 223 662
212 492 601
213 39 205
213 63 240
213 95 242
213 95 311
213 95 123
213 119 209
213 150 804
213 184 751
213 209 875
213 223 311
213 223 662
213 242 311
213 255 273
213 273 804
214 63 709
214 63 499
214 95 123
214 123 311
214 150 804
214 150 762
214 481 709
214 603 791
214 762 804
215 150 804
215 481 709
216 95 123
216 150 804
216 184 751
216 205 267
216 273 751
217 150 804
217 205 267
218 150 804
218 150 213
218 205 267
219 63 267
219 63 205
219 63 481
219 123 311
219 150 804
219 150 481
219 184 751
219 205 267
219 762 804
220 95 123
220 95 311
220 123 311
220 172 779
220 481 709
220 511 762
221 48 209
221 50 762
221 95 172
221 150 709
221 211 826
221 273 826
221 311 496
221 481 709
221 511 804
221 511 762
221 762 804
222 15 123
222 105 513
222 123 172
222 194 311
222 265 826
223 48 875
223 113 194
223 120 819
223 122 533
223 150 481
223 265 826
223 662 939
224 29 819
224 105 513
224 120 819
224 132 194
224 150 601
224 194 662
224 205 662
224 273 826
224 662 939
225 29 819
225 63 709
225 265 826
226 35 265
226 48 209
226 63 709
226 63 448
226 122 271
226 150 533
226 184 268
226 240 265
226 240 255
226 265 826
226 271 601
227 29 113
227 50 311
227 63 481
227 113 194
227 122 154
227 154 222
227 255 826
227 271 601
228 50 311
228 80 101
228 101 179
228 431 784
229 101 179
229 265 826
229 431 784
229 762 875
230 63 481
230 101 179
230 431 784
230 762 875
231 101 179
231 184 751
231 255 265
231 268 273
232 101 179
232 122 448
233 101 179
234 101 179
235 101 179
236 101 179
236 240 762
236 431 784
237 101 179
238 101 179
238 131 826
239 101 179
239 131 826
239 131 273
239 275 431
240 101 179
240 184 751
241 63 431
241 63 481
241 101 179
241 184 751
241 222 268
241 481 709
242 48 209
242 50 311
242 101 179
242 196 223
242 222 268
243 29 223
243 29 95
243 63 481
243 63 222
243 63 150
243 105 513
243 105 181
243 150 223
243 181 222
243 194 311
243 222 268
243 222 223
244 79 765
244 80 134
244 105 181
244 120 253
244 134 784
244 134 253
244 134 765
244 134 494
244 253 494
244 494 765
245 79 311
245 80 222
245 80 662
245 105 181
245 150 271
245 184 265
245 213 311
245 222 311
245 222 275
245 265 751
245 271 601
245 275 311
245 275 496
245 819 939
246 79 222
246 80 311
246 80 275
246 95 194
246 105 181
246 105 513
246 150 601
246 222 271
246 271 601
246 275 311
247 17 179
247 79 662
247 95 194
247 194 311
247 311 496
247 494 765
248 17 179
248 17 50
248 39 662
248 80 222
248 123 223
248 311 496
249 56 132
249 120 603
249 132 172
249 196 939
249 196 819
249 311 939
249 311 819
249 819 939
250 101 431
250 102 762
250 184 265
250 196 939
250 205 496
250 265 751
250 311 819
250 662 939
250 819 939
251 56 132
251 63 150
251 79 123
251 79 267
251 101 431
251 105 513
251 119 431
251 120 494
251 134 267
251 134 513
251 150 481
251 184 265
251 196 939
251 255 743
251 265 268
251 819 939
252 56 132
252 63 481
252 63 150
252 120 494
252 150 709
252 150 481
252 265 268
252 265 826
253 50 131
253 56 132
253 63 499
253 119 448
253 120 494
254 50 131
254 63 662
254 120 494
254 184 268
254 255 804
254 265 804
254 265 268
255 50 131
255 120 494
255 184 804
255 223 601
255 255 804
255 268 804
255 271 601
256 63 709
256 102 875
256 119 533
256 120 494
256 271 601
256 448 533
257 50 131
257 50 102
257 102 131
257 154 499
257 448 533
258 50 131
258 102 131
258 105 113
258 154 499
259 50 102
259 50 131
259 102 131
259 154 499
259 265 826
260 50 131
260 56 132
260 102 131
260 119 762
260 119 533
260 119 448
260 120 819
260 123 223
260 154 499
260 222 267
261 105 113
261 122 154
261 223 496
261 223 662
261 255 268
261 265 826
261 268 826
261 268 804
261 533 709
262 122 154
262 223 496
262 255 743
262 255 273
262 268 804
262 273 743
262 496 662
262 533 709
263 80 875
263 105 113
263 223 496
263 265 826
263 273 743
263 533 709
264 63 709
264 79 122
264 80 875
264 105 113
264 120 819
264 273 743
265 63 709
265 79 122
265 105 113
265 122 533
265 194 311
265 743 826
266 79 122
266 119 154
266 122 533
266 184 743
266 194 311
266 481 709
266 743 826
267 79 122
267 105 113
267 122 533
267 223 311
268 79 533
268 79 122
268 122 533
268 271 492
269 95 253
269 95 123
269 123 253
269 271 492
270 63 122
270 63 709
270 95 123
270 123 253
271 35 826
271 50 875
271 63 481
271 123 253
271 271 492
272 39 113
272 56 132
272 222 267
272 271 492
273 29 120
273 56 132
273 63 481
273 63 709
273 150 499
273 150 533
273 533 709
274 102 448
274 120 662
274 122 271
274 150 533
274 154 271
274 271 601
275 120 779
275 150 533
275 153 492
275 271 601
276 29 194
276 56 132
276 120 194
276 122 154
276 131 255
276 150 533
276 153 492
276 194 939
276 194 765
276 268 751
276 271 448
277 29 267
277 29 122
277 122 255
277 150 533
277 211 267
277 268 751
277 779 939
278 63 481
278 150 533
278 154 499
278 268 751
279 29 513
279 150 533
279 194 765
279 268 751
279 481 709
280 17 875
280 63 481
280 134 875
280 150 533
280 153 271
281 63 481
281 63 533
281 63 499
281 101 511
281 150 533
281 153 154
281 154 499
281 194 311
281 194 765
281 268 751
281 494 786
281 496 786
282 15 123
282 15 253
282 63 481
282 101 511
282 122 154
282 268 751
282 481 709
283 15 253
283 63 481
283 101 511
283 102 335
283 123 253
283 150 154
283 150 533
283 222 267
283 268 751
283 481 709
284 15 253
284 63 533
284 63 213
284 63 709
284 101 511
284 122 533
284 154 499
284 222 267
284 268 751
284 481 709
284 533 709
285 35 265
285 101 511
285 150 533
285 154 499
285 222 267
285 268 751
285 273 826
286 15 253
286 35 265
286 63 481
286 63 709
286 101 511
286 268 751
286 271 499
287 15 253
287 35 265
287 63 709
287 63 481
287 101 511
287 268 751
287 271 499
288 15 253
288 63 709
288 101 511
288 268 751
288 271 709
289 15 253
289 56 154
289 56 939
289 63 779
289 63 154
289 101 511
289 123 253
289 271 709
289 271 481
290 50 875
290 63 481
290 101 511
290 154 271
290 268 751
291 21 804
291 29 513
291 56 939
291 56 102
291 63 481
291 63 154
291 123 253
291 268 751
291 481 709
292 15 253
292 56 939
292 102 804
292 153 271
292 153 154
293 15 253
293 56 939
293 153 271
294 15 253
294 63 481
294 63 765
294 102 804
294 113 513
294 123 253
294 150 709
294 222 267
295 15 95
295 50 102
295 56 431
295 101 511
295 150 153
296 15 95
296 50 102
296 56 431
296 56 939
296 63 481
296 271 499
297 15 95
297 50 102
297 56 939
297 56 431
297 63 533
297 105 513
297 105 113
297 496 786
298 29 95
298 56 939
298 63 533
298 95 194
298 102 804
298 154 271
298 265 751
299 63 154
299 63 150
299 63 271
299 105 113
299 150 154
299 150 709
299 153 271
299 222 267
299 265 751
300 35 778
300 80 255
300 102 804
300 150 709
300 209 275
300 222 267
300 255 511
300 268 778
300 311 496
301 50 804
301 79 253
301 102 804
301 131 804
301 431 938
301 494 765
301 751 778
302 50 102
302 50 804
302 50 131
302 102 804
302 102 131
302 131 804
302 265 804
303 17 209
303 48 431
303 50 804
303 134 804
303 184 826
303 184 265
303 194 779
303 194 265
303 196 826
303 222 496
303 265 751
303 265 779
303 311 496
304 17 48
304 50 804
304 134 804
304 222 496
304 267 311
304 311 496
305 17 134
305 17 50
305 48 134
305 48 50
305 50 804
305 123 804
305 134 804
305 134 179
305 153 492
305 179 804
305 194 311
305 222 496
306 134 431
306 153 492
306 194 311
307 29 311
307 63 481
307 131 826
307 153 492
307 154 271
307 194 311
307 265 751
307 265 826
307 271 765
308 63 481
308 63 709
308 79 123
308 153 271
308 271 709
309 63 271
309 153 271
309 194 311
309 265 826
309 271 499
309 271 448
309 271 601
309 481 709
310 29 779
310 63 153
310 95 253
310 153 271
310 271 601
310 271 499
310 335 762
311 29 779
311 150 271
312 29 779
312 101 431
312 120 196
312 184 268
312 255 273
312 275 804
313 17 875
313 63 481
313 63 709
313 102 875
313 122 271
313 150 709
313 153 709
313 184 268
313 194 765
313 222 765
313 271 709
313 481 709
314 122 154
314 153 492
314 194 765
314 211 762
314 255 273
314 273 826
315 63 481
315 122 154
315 122 271
315 122 709
315 150 271
315 150 709
315 205 267
315 211 762
315 255 273
316 17 50
316 63 709
316 63 481
316 95 267
316 122 153
316 150 153
316 153 271
316 255 273
317 35 826
317 122 153
317 150 153
317 153 271
317 184 268
317 194 311
318 153 271
318 194 311
318 265 826
318 267 496
319 153 271
319 194 765
320 48 209
320 63 154
320 153 271
320 154 481
320 194 765
320 255 268
320 268 804
321 48 209
321 63 154
321 63 153
321 150 153
321 150 271
321 153 271
321 255 273
321 265 826
322 122 154
322 153 603
322 194 311
322 255 273
322 255 826
322 265 826
322 268 273
323 17 102
323 17 335
323 101 134
323 101 102
323 102 335
323 131 255
323 255 273
323 273 778
324 222 267
324 273 778
325 35 778
325 63 122
325 63 481
325 79 804
325 95 603
325 194 311
325 265 826
325 273 778
325 751 778
326 50 134
326 95 603
326 222 267
326 265 826
326 268 778
327 17 335
327 79 123
327 80 211
327 119 804
327 122 154
327 255 273
327 265 826
327 268 778
327 804 875
328 17 875
328 17 804
328 79 123
328 80 875
328 101 875
328 122 533
328 123 273
329 17 804
329 39 113
329 50 804
329 101 209
329 101 804
329 113 172
329 120 172
329 122 533
329 150 154
329 153 271
329 172 196
329 335 875
329 335 804
329 481 751
329 784 804
329 804 875
330 17 804
330 17 335
330 48 804
330 50 804
330 63 709
330 118 804
330 150 533
330 172 196
330 179 804
330 511 804
330 804 875
331 17 48
331 17 335
331 17 875
331 50 784
331 153 271
331 205 267
332 17 875
332 39 267
332 39 113
332 50 875
332 150 709
332 153 271
332 205 267
332 255 511
332 255 826
332 273 826
333 29 113
333 39 113
333 63 481
333 102 875
333 153 271
333 205 267
333 255 273
334 29 113
334 50 102
334 63 481
334 113 496
334 153 271
334 223 311
335 50 102
335 153 271
336 50 102
336 50 311
336 153 271
336 255 268
337 50 311
338 21 875
338 29 222
338 50 311
339 39 662
339 50 311
339 63 122
339 255 268
340 50 311
340 63 709
340 123 184
340 153 271
340 184 253
340 211 273
340 255 268
341 50 311
341 153 271
341 184 253
341 255 268
341 273 778
342 50 311
342 123 184
342 123 253
342 153 271
342 255 268
342 273 778
343 50 311
343 63 709
343 63 533
343 63 481
343 153 271
343 255 268
343 268 273
343 273 778
343 511 762
344 35 268
344 50 875
344 50 275
344 63 481
344 63 709
344 153 271
345 63 709
345 123 253
345 184 273
345 265 743
346 50 102
346 63 481
346 120 172
346 150 271
346 150 153
346 153 271
346 255 826
346 265 743
346 273 743
346 335 762
347 21 101
347 39 113
347 50 102
347 50 179
347 63 153
347 122 154
347 153 939
347 222 267
347 223 494
347 268 273
347 311 662
347 494 765
347 784 875
348 79 253
348 122 154
348 153 601
348 222 662
348 222 311
348 255 804
348 265 743
348 271 601
348 751 875
348 778 875
349 205 311
349 255 311
349 255 778
349 255 875
349 778 875
349 778 804
350 184 751
350 205 311
350 496 804
350 778 804
350 778 875
351 15 123
351 39 123
351 80 311
351 205 311
351 778 875
352 79 804
352 80 311
352 80 804
352 102 179
352 153 271
352 211 213
352 213 311
352 222 223
352 255 804
352 255 311
352 311 804
352 494 765
352 778 875
353 211 213
353 222 223
353 253 255
353 255 494
353 271 601
353 778 875
354 56 132
354 120 987
354 123 253
354 153 987
354 153 492
354 153 601
354 205 311
354 205 223
354 211 213
354 211 265
354 211 496
354 223 662
355 79 222
355 79 154
355 123 223
355 123 253
355 223 253
356 79 222
356 119 275
356 123 253
357 21 101
357 21 29
357 21 253
357 101 253
357 123 253
357 123 255
357 184 751
357 253 255
357 662 819
357 778 875
358 50 80
358 120 987
358 179 804
358 662 819
358 778 875
358 819 987
359 21 101
359 50 102
359 50 80
359 80 102
359 120 172
359 123 172
359 196 533
360 50 80
360 101 179
360 119 804
360 120 172
360 122 153
360 153 271
360 267 496
361 50 762
361 56 132
361 101 179
361 153 271
361 271 492
362 101 179
362 120 819
362 120 172
362 150 499
362 222 267
362 271 492
362 311 662
363 29 123
363 101 179
363 120 819
363 150 499
363 222 267
363 271 492
364 79 196
364 101 179
364 122 154
364 150 153
364 153 271
364 271 492
364 481 709
364 804 875
365 95 662
365 150 271
365 153 271
365 154 709
365 154 533
365 271 533
365 533 601
366 95 662
366 150 271
366 153 492
367 122 533
367 153 271
367 154 492
367 154 271
367 205 662
367 211 213
367 211 662
367 211 311
367 311 662
368 95 253
368 122 154
368 123 253
368 164 603
368 205 311
368 223 311
368 223 662
368 268 778
368 311 662
369 56 132
369 95 222
369 122 153
369 153 492
369 164 603
369 268 778
370 50 804
370 56 132
370 95 222
370 119 804
370 164 603
370 211 335
370 271 492
371 21 101
371 39 119
371 119 804
371 153 271
371 153 492
371 164 603
371 179 209
371 222 267
371 271 492
372 17 102
372 56 132
372 122 154
372 153 271
372 154 271
372 179 209
372 205 311
373 56 132
373 122 271
373 122 154
373 271 492
374 56 132
374 123 253
374 268 804
374 271 492
375 56 132
375 211 804
375 211 213
375 268 804
375 271 492
376 39 819
376 56 132
376 56 102
376 119 804
376 150 499
376 150 533
376 164 603
376 240 938
376 271 492
377 39 779
377 39 113
377 39 819
377 39 662
377 113 779
377 119 804
377 150 533
377 273 826
377 662 779
377 779 819
378 50 102
378 56 132
378 113 194
378 153 271
378 184 273
378 205 662
378 779 819
379 35 265
379 39 123
379 50 285
379 56 132
379 63 481
379 87 265
379 95 939
379 95 194
379 172 779
379 194 939
380 56 132
380 63 481
380 268 804
381 56 132
381 63 481
381 119 804
382 63 481
382 184 751
383 63 481
383 80 102
383 184 751
383 285 431
383 285 875
383 311 939
384 113 939
384 122 154
384 184 751
384 240 804
384 265 826
384 265 431
384 285 875
384 481 709
385 63 481
385 113 939
385 122 154
385 184 751
385 265 285
385 265 826
386 29 39
386 39 123
386 39 496
386 63 499
386 63 87
386 63 481
386 79 123
386 113 194
386 123 172
386 123 253
386 184 751
386 273 826
386 285 431
387 35 778
387 63 153
387 79 253
387 123 253
387 134 784
388 63 153
388 79 253
388 134 784
388 285 875
389 29 39
389 63 153
389 79 253
389 79 123
389 123 253
389 285 875
389 743 826
390 123 253
390 132 603
391 35 743
391 123 253
391 153 271
391 184 751
392 123 253
392 184 751
392 240 804
393 105 779
393 119 804
393 123 253
393 184 751
393 240 804
394 119 804
394 123 253
394 273 778
395 119 240
395 123 253
395 132 164
395 751 778
396 119 132
396 123 253
396 132 164
396 255 778
397 123 253
397 132 164
397 184 751
397 194 987
398 123 253
398 153 271
398 184 751
399 123 253
399 240 804
399 743 778
399 778 826
400 123 253
400 240 804
401 39 205
401 56 804
401 63 164
401 123 253
401 153 271
401 164 987
401 240 804
401 499 533
402 29 194
402 39 181
402 39 194
402 50 134
402 50 875
402 63 154
402 122 154
402 134 875
402 154 181
402 164 987
402 172 875
402 181 194
403 50 875
403 50 134
403 50 285
403 120 265
403 122 153
403 134 875
403 134 765
403 134 311
403 255 743
403 311 765
404 50 134
404 134 431
404 134 285
404 150 448
404 153 271
404 285 431
405 48 209
405 56 132
405 123 223
405 132 779
405 134 285
405 164 311
405 164 172
405 205 819
405 255 826
405 285 431
405 779 987
406 39 194
406 39 87
406 39 743
406 63 481
406 123 253
406 164 172
406 743 784
407 39 194
407 63 481
407 63 709
407 123 253
407 123 765
407 123 743
407 123 164
408 39 194
408 63 481
408 123 164
408 123 253
408 164 253
409 118 164
409 123 253
409 123 164
409 164 253
409 603 791
410 95 662
410 123 164
410 134 751
410 134 184
410 164 253
410 184 751
410 784 875
411 95 181
411 95 819
411 122 533
411 122 164
411 123 253
411 134 184
411 134 751
411 164 533
411 184 751
412 63 481
412 63 223
412 80 285
412 87 265
412 95 819
412 95 123
412 134 751
412 223 448
412 223 791
413 63 533
413 63 499
413 63 481
413 80 285
413 134 751
413 153 271
413 265 743
413 481 533
413 779 819
414 63 481
414 265 743
414 311 662
415 63 499
415 63 481
415 154 499
415 154 271
415 265 743
415 311 662
415 779 819
416 63 709
416 153 533
416 153 271
416 172 779
416 194 311
416 223 791
416 265 743
416 271 533
416 273 778
416 311 819
416 311 662
416 779 819
417 63 481
417 153 271
417 265 743
417 268 826
417 285 875
418 63 481
418 153 271
418 194 311
418 285 875
419 50 80
419 153 271
419 223 791
419 265 743
420 153 271
420 153 533
420 223 791
420 265 743
420 273 778
421 63 481
421 87 875
421 119 875
421 153 533
421 223 791
421 265 743
421 273 778
422 63 481
422 113 181
422 119 499
422 153 533
422 265 743
422 271 533
422 273 778
422 285 431
423 39 662
423 153 533
423 153 271
423 265 743
423 271 533
423 273 778
424 63 481
424 63 709
424 105 113
424 265 743
424 271 533
424 273 778
425 63 481
425 265 743
425 271 533
426 29 791
426 56 132
426 153 271
426 265 743
426 271 533
427 56 132
427 63 709
427 63 481
427 265 743
427 311 662
427 779 819
428 181 804
428 184 751
428 184 265
428 194 804
428 255 826
428 265 743
428 311 804
428 751 826
428 779 819
429 181 804
429 184 751
429 265 826
429 273 743
430 15 123
430 39 181
430 63 499
430 122 153
430 153 154
430 181 804
430 184 751
430 273 743
430 511 804
431 15 123
431 39 181
431 122 153
431 223 311
431 265 826
431 273 743
432 15 123
432 48 209
432 184 255
432 273 743
433 17 50
433 17 134
433 48 209
433 50 134
433 63 481
433 95 194
433 95 311
433 122 154
433 153 271
434 15 123
434 95 311
434 113 194
434 120 987
434 122 154
434 172 987
434 196 779
434 196 987
434 285 431
434 819 987
435 15 123
435 35 826
435 80 102
435 134 784
435 172 987
435 205 285
435 209 875
435 265 826
435 268 826
435 273 743
435 285 431
436 50 784
436 63 709
436 63 481
436 95 223
436 205 285
436 255 709
436 265 826
436 271 499
436 285 431
437 17 80
437 39 223
437 39 79
437 39 662
437 63 481
437 63 709
437 267 603
438 102 804
438 150 533
438 172 196
438 184 265
438 194 786
438 194 765
438 223 496
439 105 513
439 150 533
439 194 786
439 222 267
440 150 533
440 153 271
440 194 786
440 222 267
441 153 271
441 194 786
441 222 267
442 150 533
442 153 271
443 153 271
444 153 271
444 255 826
445 134 709
445 153 271
445 184 255
445 194 804
445 255 265
445 255 826
445 311 804
446 122 154
446 153 271
446 153 154
446 184 255
446 194 804
447 122 154
447 153 271
447 184 268
447 213 223
447 222 267
447 743 826
448 105 513
448 153 271
448 184 255
448 268 826
448 285 431
449 29 662
449 29 791
449 29 213
449 56 791
449 95 222
449 153 271
449 222 267
450 50 80
450 153 271
451 123 150
451 153 271
451 273 743
451 762 784
452 105 804
452 123 150
452 153 271
452 273 743
452 762 784
453 63 709
453 123 150
453 132 268
453 153 271
454 21 875
454 29 123
454 50 875
454 95 223
454 123 153
454 123 271
454 123 150
454 153 271
454 209 875
454 209 804
454 222 267
454 804 875
455 184 751
455 222 267
455 255 804
455 311 496
455 765 804
456 79 132
456 80 765
456 80 804
456 132 172
456 285 431
456 765 804
457 79 132
457 184 751
458 39 194
458 39 95
458 48 209
458 50 102
458 79 132
458 80 213
458 184 751
458 184 255
458 240 285
458 511 804
459 35 268
459 56 132
459 123 533
459 150 533
459 150 153
459 153 601
459 194 765
459 196 205
459 496 987
459 511 804
460 56 132
460 150 533
460 153 601
460 222 267
461 153 601
462 39 95
462 153 601
462 222 267
463 35 255
463 39 222
463 79 222
463 150 533
463 153 601
463 153 271
463 222 267
463 285 875
464 150 481
464 150 153
464 153 271
464 194 311
464 481 533
465 153 271
465 268 826
466 153 271
467 123 223
467 153 271
467 222 267
468 153 271
468 194 311
468 222 267
469 123 223
469 153 271
469 194 311
469 222 267
470 153 271
470 194 311
470 222 267
470 511 762
471 39 95
471 63 481
471 153 271
471 194 311
471 222 223
471 533 601
472 150 601
472 153 271
472 184 268
472 194 311
472 194 804
472 196 205
472 222 267
472 240 938
472 875 938
